(683, 433): 1
(678, 427): 1
(683, 426): 1
(671, 423): 1
(677, 427): 1
(577, 427): 1
(657, 426): 2
(567, 423): 1
(683, 425): 1
(677, 423): 2
(673, 422): 1
(687, 427): 5
(672, 426): 1
(678, 426): 1
(532, 425): 1
(371, 425): 1
(670, 427): 1
(497, 428): 1
(451, 427): 1
(385, 427): 1
(545, 421): 1
(627, 425): 1
(683, 432): 2
(656, 427): 1
(440, 427): 1
(437, 431): 1
(497, 425): 1
(585, 427): 1
(522, 430): 2
(560, 517): 2
(441, 426): 1
(387, 428): 2
(616, 632): 1
(457, 282): 1
(550, 460): 1
(591, 446): 1
(488, 497): 1
(532, 497): 1
(530, 412): 1
(531, 462): 1
(617, 546): 1
(690, 430): 1
(472, 285): 1
(363, 280): 1
(373, 283): 1
(587, 556): 1
(393, 322): 1
(398, 372): 1
(595, 522): 1
(453, 428): 1
(456, 428): 1
(540, 401): 1
(686, 433): 1
(547, 441): 1
(432, 338): 1
(552, 466): 1
(377, 361): 1
(427, 372): 1
(640, 448): 1
(656, 575): 1
(445, 458): 1
(500, 496): 1
(686, 431): 1
(562, 450): 1
(411, 427): 1
(492, 435): 1
(521, 485): 1
(431, 377): 1
(502, 417): 1
(512, 406): 1
(680, 427): 1
(533, 447): 1
(452, 380): 1
(562, 478): 1
(473, 425): 1
(522, 491): 1
(545, 495): 1
(413, 402): 1
(372, 277): 1
(467, 408): 1
(372, 411): 1
(330, 278): 1
(403, 376): 1
(678, 587): 1
(350, 330): 1
(475, 462): 1
(455, 287): 1
(501, 483): 1
(543, 492): 1
(463, 381): 1
(596, 526): 1
(635, 537): 1
(670, 607): 1
(397, 360): 1
(421, 457): 1
(492, 462): 1
(542, 447): 1
(677, 426): 1
(687, 425): 1
(687, 423): 1
(686, 423): 1
(467, 427): 1
(568, 426): 1
(496, 427): 1
(652, 352): 1
(685, 412): 1
(468, 402): 1
(682, 427): 4
(467, 382): 1
(446, 422): 1
(576, 465): 1
(686, 427): 3
(632, 421): 1
(687, 426): 3
(601, 427): 1
(437, 500): 1
(408, 447): 1
(685, 422): 1
(686, 428): 2
(688, 430): 1
(687, 432): 1
(690, 427): 1
(682, 432): 1
(685, 427): 3
(681, 428): 2
(685, 428): 1
(682, 431): 2
(487, 375): 1
(401, 406): 1
(682, 430): 1
(501, 468): 1
(681, 426): 1
(590, 483): 1
(495, 442): 1
(536, 431): 1
(682, 422): 1
(687, 422): 1
(682, 402): 1
(530, 397): 1
(682, 428): 1
(586, 425): 1
(387, 417): 1
(683, 423): 1
(362, 422): 1
(395, 422): 1
(392, 420): 1
(362, 423): 1
(377, 328): 1
(492, 436): 1
(526, 427): 1
(551, 423): 1
(681, 427): 1
(677, 431): 1
(683, 427): 2
(503, 413): 1
(688, 427): 1
(405, 347): 1
(615, 417): 1
(482, 408): 1
(685, 425): 1
(547, 377): 1
(685, 423): 1
(681, 417): 1
(686, 425): 1
(636, 427): 1
(681, 386): 1
