(687, 427, 3): 5
(682, 427, 3): 4
(686, 427, 3): 3
(687, 426, 3): 3
(685, 427, 3): 3
(657, 426, 3): 2
(677, 423, 3): 2
(683, 432, 3): 2
(522, 430, 3): 2
(560, 517, 3): 2
(387, 428, 3): 2
(686, 428, 3): 2
(681, 428, 3): 2
(682, 431, 3): 2
(683, 427, 3): 2
(683, 433, 3): 1
(678, 427, 3): 1
(683, 426, 3): 1
(671, 423, 3): 1
(677, 427, 3): 1
(577, 427, 3): 1
(567, 423, 3): 1
(683, 425, 3): 1
(673, 422, 3): 1
(672, 426, 3): 1
(678, 426, 3): 1
(532, 425, 3): 1
(371, 425, 3): 1
(670, 427, 3): 1
(497, 428, 3): 1
(451, 427, 3): 1
(385, 427, 3): 1
(545, 421, 3): 1
(627, 425, 3): 1
(656, 427, 3): 1
(440, 427, 3): 1
(437, 431, 3): 1
(497, 425, 3): 1
(585, 427, 3): 1
(441, 426, 3): 1
(616, 632, 3): 1
(457, 282, 3): 1
(550, 460, 3): 1
(591, 446, 3): 1
(488, 497, 3): 1
(532, 497, 3): 1
(530, 412, 3): 1
(531, 462, 3): 1
(617, 546, 3): 1
(690, 430, 3): 1
(472, 285, 3): 1
(363, 280, 3): 1
(373, 283, 3): 1
(587, 556, 3): 1
(393, 322, 3): 1
(398, 372, 3): 1
(595, 522, 3): 1
(453, 428, 3): 1
(456, 428, 3): 1
(540, 401, 3): 1
(686, 433, 3): 1
(547, 441, 3): 1
(432, 338, 3): 1
(552, 466, 3): 1
(377, 361, 3): 1
(427, 372, 3): 1
(640, 448, 3): 1
(656, 575, 3): 1
(445, 458, 3): 1
(500, 496, 3): 1
(686, 431, 3): 1
(562, 450, 3): 1
(411, 427, 3): 1
(492, 435, 3): 1
(521, 485, 3): 1
(431, 377, 3): 1
(502, 417, 3): 1
(512, 406, 3): 1
(680, 427, 3): 1
(533, 447, 3): 1
(452, 380, 3): 1
(562, 478, 3): 1
(473, 425, 3): 1
(522, 491, 3): 1
(545, 495, 3): 1
(413, 402, 3): 1
(372, 277, 3): 1
(467, 408, 3): 1
(372, 411, 3): 1
(330, 278, 3): 1
(403, 376, 3): 1
(678, 587, 3): 1
(350, 330, 3): 1
(475, 462, 3): 1
(455, 287, 3): 1
(501, 483, 3): 1
(543, 492, 3): 1
(463, 381, 3): 1
(596, 526, 3): 1
(635, 537, 3): 1
(670, 607, 3): 1
(397, 360, 3): 1
(421, 457, 3): 1
(492, 462, 3): 1
(542, 447, 3): 1
(677, 426, 3): 1
(687, 425, 3): 1
(687, 423, 3): 1
(686, 423, 3): 1
(467, 427, 3): 1
(568, 426, 3): 1
(496, 427, 3): 1
(652, 352, 3): 1
(685, 412, 3): 1
(468, 402, 3): 1
(467, 382, 3): 1
(446, 422, 3): 1
(576, 465, 3): 1
(632, 421, 3): 1
(601, 427, 3): 1
(437, 500, 3): 1
(408, 447, 3): 1
(685, 422, 3): 1
(688, 430, 3): 1
(687, 432, 3): 1
(690, 427, 3): 1
(682, 432, 3): 1
(685, 428, 3): 1
(487, 375, 3): 1
(401, 406, 3): 1
(682, 430, 3): 1
(501, 468, 3): 1
(681, 426, 3): 1
(590, 483, 3): 1
(495, 442, 3): 1
(536, 431, 3): 1
(682, 422, 3): 1
(687, 422, 3): 1
(682, 402, 3): 1
(530, 397, 3): 1
(682, 428, 3): 1
(586, 425, 3): 1
(387, 417, 3): 1
(683, 423, 3): 1
(362, 422, 3): 1
(395, 422, 3): 1
(392, 420, 3): 1
(362, 423, 3): 1
(377, 328, 3): 1
(492, 436, 3): 1
(526, 427, 3): 1
(551, 423, 3): 1
(681, 427, 3): 1
(677, 431, 3): 1
(503, 413, 3): 1
(688, 427, 3): 1
(405, 347, 3): 1
(615, 417, 3): 1
(482, 408, 3): 1
(685, 425, 3): 1
(547, 377, 3): 1
(685, 423, 3): 1
(681, 417, 3): 1
(686, 425, 3): 1
(636, 427, 3): 1
(681, 386, 3): 1
