(1080, 2280, 3): 25
(2280, 1080, 3): 6
(235, 214, 3): 4
(259, 194, 3): 4
(846, 564, 3): 3
(632, 474, 3): 3
(192, 204, 3): 2
(477, 312, 3): 2
(253, 199, 3): 2
(350, 467, 3): 1
(572, 386, 3): 1
(467, 307, 3): 1
(592, 474, 3): 1
(496, 313, 3): 1
(450, 288, 3): 1
(751, 563, 3): 1
(750, 500, 3): 1
(403, 317, 3): 1
(735, 564, 3): 1
(751, 500, 3): 1
(775, 564, 3): 1
(370, 280, 3): 1
(749, 500, 3): 1
(719, 564, 3): 1
(799, 564, 3): 1
(1003, 564, 3): 1
(796, 564, 3): 1
(497, 500, 3): 1
(691, 564, 3): 1
(740, 465, 3): 1
(388, 287, 3): 1
(749, 564, 3): 1
(341, 273, 3): 1
(483, 313, 3): 1
(352, 502, 3): 1
(417, 271, 3): 1
(757, 521, 3): 1
(825, 527, 3): 1
(722, 520, 3): 1
(722, 517, 3): 1
(723, 525, 3): 1
(597, 535, 3): 1
(601, 459, 3): 1
(599, 488, 3): 1
(602, 582, 3): 1
(428, 276, 3): 1
(602, 600, 3): 1
(447, 348, 3): 1
(443, 293, 3): 1
(598, 509, 3): 1
(553, 385, 3): 1
(602, 483, 3): 1
(487, 479, 3): 1
(601, 461, 3): 1
(600, 324, 3): 1
(605, 447, 3): 1
(368, 263, 3): 1
(605, 557, 3): 1
(577, 357, 3): 1
(604, 512, 3): 1
(551, 579, 3): 1
(548, 436, 3): 1
(593, 323, 3): 1
(600, 370, 3): 1
(582, 490, 3): 1
(602, 497, 3): 1
(656, 522, 3): 1
(502, 292, 3): 1
(853, 522, 3): 1
(842, 474, 3): 1
(623, 465, 3): 1
(254, 199, 3): 1
(351, 262, 3): 1
(472, 287, 3): 1
(251, 201, 3): 1
(470, 297, 3): 1
(375, 286, 3): 1
(375, 276, 3): 1
(427, 250, 3): 1
(560, 386, 3): 1
(436, 287, 3): 1
(382, 281, 3): 1
(351, 275, 3): 1
(219, 230, 3): 1
(372, 287, 3): 1
(391, 278, 3): 1
(368, 277, 3): 1
(249, 203, 3): 1
(423, 290, 3): 1
(446, 292, 3): 1
(377, 293, 3): 1
(300, 168, 3): 1
(370, 292, 3): 1
(425, 312, 3): 1
(565, 386, 3): 1
(363, 277, 3): 1
(372, 276, 3): 1
(397, 273, 3): 1
(446, 287, 3): 1
(347, 257, 3): 1
(230, 219, 3): 1
(492, 273, 3): 1
(247, 204, 3): 1
(450, 275, 3): 1
(433, 291, 3): 1
(306, 262, 3): 1
(318, 305, 3): 1
(480, 310, 3): 1
(487, 316, 3): 1
(432, 307, 3): 1
(202, 249, 3): 1
(380, 257, 3): 1
(259, 195, 3): 1
(480, 302, 3): 1
(541, 381, 3): 1
(283, 178, 3): 1
(347, 512, 3): 1
(581, 388, 3): 1
(275, 183, 3): 1
(492, 307, 3): 1
(732, 564, 3): 1
(754, 500, 3): 1
